STARLINK-31             
1 44235U 19029A   20149.25001157  .08069000  00000-0  32818+0 0  9990
2 44235  53.0018 302.3667 0003170  20.2727 306.7363 15.18635166 57164
STARLINK-22             
1 44236U 19029B   20149.08334491 -.00003864  00000-0 -43744-4 0  9997
2 44236  53.0038 267.7317 0011030 143.3345 323.5203 15.58034171 57624
STARLINK-23             
1 44237U 19029C   20149.16667824  .03469247  00000-0  14598+0 0  9998
2 44237  52.9987 302.5091 0001788 192.7458   2.1357 15.19115186 56032
STARLINK-24             
1 44238U 19029D   20148.74797631  .00001704  00000-0  11231-3 0  9994
2 44238  52.9976 303.3407 0001706 105.0300 255.0880 15.12967564 54355
STARLINK-25             
1 44239U 19029E   20149.25001157  .01272390  00000-0  43652-1 0  9995
2 44239  53.0065 302.3777 0003052 143.6473   6.5023 15.26727988 55966
STARLINK-26             
1 44240U 19029F   20148.63278562  .00012413  00000-0  26918-3 0  9999
2 44240  53.0104 264.2246 0000532  60.8495 299.2564 15.44821378 56514
STARLINK-27             
1 44241U 19029G   20149.00001157  .02902383  00000-0  12294+0 0  9990
2 44241  53.0067 303.6526 0003407  77.6914 339.2364 15.18953027 56003
STARLINK-28             
1 44242U 19029H   20149.16667824  .00049747  00000-0  65029-3 0  9999
2 44242  52.9938 261.1394 0002027 137.1754 257.0106 15.58167334 56598
STARLINK-29             
1 44243U 19029J   20148.83334491 -.00033182  00000-0 -43306-3 0  9996
2 44243  52.9990 211.4444 0010355 139.1858 239.0240 15.57737179 57264
STARLINK-30             
1 44244U 19029K   20149.25001157  .05437627  00000-0  22652+0 0  9996
2 44244  52.9985 302.0267 0001524 280.7591 310.1977 15.18943705 56004
STARLINK-21             
1 44245U 19029L   20149.08334491  .03197377  00000-0  13351+0 0  9997
2 44245  53.0000 302.9627 0003093 132.4874 350.3822 15.19058593 55999
STARLINK-33             
1 44247U 19029N   20148.83334491  .00022928  00000-0  30673-3 0  9997
2 44247  53.0052 264.5389 0002118 129.0347 128.0107 15.57948920  1799
STARLINK-34             
1 44248U 19029P   20149.25001157  .00041734  00000-0  52711-3 0  9998
2 44248  52.9999 271.9569 0002220 105.2090  71.9437 15.59158049 56390
STARLINK-61             
1 44249U 19029Q   20148.65553985  .00000469  00000-0  38101-4 0  9991
2 44249  53.0010 292.6662 0005419 310.3047  49.7473 15.18151783 56133
STARLINK-36             
1 44250U 19029R   20149.00001157  .04341108  00000-0  18355+0 0  9998
2 44250  53.0001 303.2559 0002803  15.7003 317.3276 15.18701864 55967
STARLINK-37             
1 44251U 19029S   20149.25001157  .06885524  00000-0  28567+0 0  9999
2 44251  52.9806 301.1745 0001929 327.8284 299.1360 15.18749020 55977
STARLINK-71             
1 44252U 19029T   20148.92599384  .00001397  00000-0  96897-4 0  9995
2 44252  53.0017 302.8029 0002004 111.6098 248.5106 15.12264492 55924
STARLINK-39             
1 44253U 19029U   20149.16667824  .05232638  00000-0  21487+0 0  9995
2 44253  53.0053 302.8590 0001869 301.4762 295.4378 15.18861811 56009
STARLINK-32             
1 44254U 19029V   20149.25001157  .07582142  00000-0  31092+0 0  9990
2 44254  52.9974 302.1192 0002550 350.0690 294.9172 15.18679403 55985
STARLINK-66             
1 44255U 19029W   20149.16667824  .00048403  00000-0  64020-3 0  9991
2 44255  53.0026 262.6998 0001915 128.6807 166.8310 15.57866165 56532
STARLINK-42             
1 44256U 19029X   20149.25001157  .00046251  00000-0  60275-3 0  9990
2 44256  52.9926 263.3008 0002186 166.7825  75.4973 15.58279962 56482
STARLINK-43             
1 44257U 19029Y   20149.25001157  .00044667  00000-0  14453-2 0  9996
2 44257  53.0001 251.8554 0001833 132.0617 267.8176 15.31634659 56751
STARLINK-40             
1 44258U 19029Z   20149.08334491  .03597445  00000-0  15143+0 0  9992
2 44258  52.9998 302.8885 0003123 107.2707 339.6118 15.18963403 55993
STARLINK-52             
1 44259U 19029AA  20148.40545883 -.00002019  00000-0 -20029-4 0  9998
2 44259  53.0009 215.2584 0002839 155.7636 204.3509 15.57799008 57056
STARLINK-45             
1 44260U 19029AB  20149.25001157  .07769516  00000-0  31754+0 0  9994
2 44260  53.0084 301.0303 0003033   7.9676 301.0290 15.18670459 56093
STARLINK-44             
1 44261U 19029AC  20149.25001157  .06711591  00000-0  27264+0 0  9995
2 44261  52.9967 302.1035 0002767 343.7438 289.2705 15.18794116 56035
STARLINK-49             
1 44262U 19029AD  20149.16667824  .05656579  00000-0  23550+0 0  9992
2 44262  53.0067 302.9015 0001982 313.9465 300.9565 15.18788662 56036
STARLINK-72             
1 44263U 19029AE  20149.25001157  .05375309  00000-0  22419+0 0  9996
2 44263  52.9990 301.9757 0001496 265.3834 319.5572 15.18953061 56033
STARLINK-35             
1 44264U 19029AF  20149.25001157  .06058104  00000-0  24928+0 0  9996
2 44264  52.9988 302.0622 0001724 293.5342 309.4361 15.18868393 56021
STARLINK-63             
1 44265U 19029AG  20148.58334491  .03670429  00000-0  15758+0 0  9990
2 44265  52.9997 304.4908 0001365 212.7835 348.9598 15.18182732 55953
STARLINK-54             
1 44266U 19029AH  20149.16667824  .06986638  00000-0  29046+0 0  9995
2 44266  52.9948 301.7769 0003078 357.4923 299.4372 15.18614226 55973
STARLINK-69             
1 44267U 19029AJ  20148.75001157  .03724976  00000-0  15858+0 0  9999
2 44267  52.9975 303.5650 0002935 119.0133 346.2931 15.18423571 55950
STARLINK-55             
1 44268U 19029AK  20149.25001157  .00041476  00000-0  54097-3 0  9992
2 44268  52.9936 261.5649 0002000 137.5822  42.3169 15.58307516 56550
STARLINK-57             
1 44269U 19029AL  20149.25001157  .07289721  00000-0  30037+0 0  9991
2 44269  52.9968 301.7852 0002997  40.5416 316.4460 15.18715933 56063
STARLINK-58             
1 44270U 19029AM  20149.25001157  .00052744  00000-0  65453-3 0  9993
2 44270  53.0020 272.1012 0002441 138.7029 185.9581 15.59520395 56478
STARLINK-59             
1 44271U 19029AN  20149.25001157  .04852108  00000-0  20027+0 0  9994
2 44271  52.9961 301.3579 0001483 223.5487 349.3732 15.19044562 56051
STARLINK-51             
1 44272U 19029AP  20149.25001157  .05671446  00000-0  23515+0 0  9995
2 44272  52.9975 301.9828 0001654 294.4477 302.4959 15.18917884 56029
STARLINK-60             
1 44273U 19029AQ  20148.42508325  .00029005  00000-0  38777-3 0  9996
2 44273  52.9952 204.5389 0007478  11.7299 348.3885 15.57800601 57318
STARLINK-62             
1 44274U 19029AR  20149.25001157  .00042013  00000-0  52956-3 0  9999
2 44274  53.0044 271.9849 0002399 144.2976  39.9476 15.59208417 56433
STARLINK-64             
1 44275U 19029AS  20149.25001157  .00040728  00000-0  10844-2 0  9990
2 44275  52.9924 279.7044 0004725 242.1118 239.6231 15.37811118 56323
STARLINK-65             
1 44276U 19029AT  20149.25001157  .04169602  00000-0  17133+0 0  9993
2 44276  53.0010 301.9471 0001508 191.8229 357.1331 15.19150040 56038
STARLINK-41             
1 44277U 19029AU  20149.25001157  .00046202  00000-0  53475-3 0  9993
2 44277  53.0050 264.2054 0008659 145.9361 334.6129 15.61363256 56567
STARLINK-67             
1 44278U 19029AV  20148.37496501  .35214307  12466-4  12490-2 0  9992
2 44278  52.9725 113.8189 0005497 260.1827 100.3413 16.44125369 58533
STARLINK-68             
1 44279U 19029AW  20149.25001157  .06782016  00000-0  27514+0 0  9992
2 44279  52.9984 300.9191 0001943 320.6708 294.2717 15.18777102 56003
STARLINK-38             
1 44280U 19029AX  20149.16667824  .04054264  00000-0  16786+0 0  9997
2 44280  53.0007 302.2914 0002961 111.2350 347.7034 15.19023770 56034
STARLINK-70             
1 44281U 19029AY  20149.16667824  .04091516  00000-0  16908+0 0  9995
2 44281  53.0007 301.8514 0001606 217.2700 349.6238 15.19040499 55973
STARLINK-80             
1 44282U 19029AZ  20148.71599085  .00002850  00000-0  12537-3 0  9996
2 44282  53.0246 269.2401 0004336 150.9906 209.1333 15.25216763 54864
STARLINK-56             
1 44283U 19029BA  20148.66667824  .04339776  00000-0  18614+0 0  9990
2 44283  52.9991 304.6592 0001897 312.1997 303.3382 15.18197960 55957
STARLINK-73             
1 44284U 19029BB  20149.16667824  .03595798  00000-0  15083+0 0  9991
2 44284  53.0006 302.3492 0003047 116.5321 348.4236 15.19087371 56029
STARLINK-50             
1 44285U 19029BC  20149.00001157 -.00016221  00000-0 -91555-3 0  9996
2 44285  53.0001 303.1826 0001269 111.0563 127.0915 15.12129876 57056
STARLINK-75             
1 44286U 19029BD  20149.08334491 -.00000423  00000-0  11574-5 0  9996
2 44286  53.0053 264.7389 0009773 174.6094 330.7058 15.57873258 57603
STARLINK-76             
1 44287U 19029BE  20149.25001157  .07351211  00000-0  30257+0 0  9999
2 44287  52.9980 302.1471 0002471 357.7813 299.1864 15.18708825 57091
STARLINK-79             
1 44288U 19029BF  20149.08334491  .04067771  00000-0  16887+0 0  9996
2 44288  53.0074 303.3633 0001998 182.3001 354.6365 15.18910142 57073
STARLINK-48             
1 44289U 19029BG  20148.67895431 -.00007470  00000-0 -32962-3 0  9991
2 44289  52.9998 278.8264 0003010 128.7951 231.3313 15.19829807 57362
STARLINK-78             
1 44290U 19029BH  20149.00001157  .03625260  00000-0  15300+0 0  9992
2 44290  53.0079 303.6347 0003222  91.3354 343.6492 15.18841440 57060
STARLINK-77             
1 44291U 19029BJ  20148.75001157  .03216893  00000-0  13626+0 0  9991
2 44291  53.0082 304.9695 0002001 169.6206   1.6835 15.18528180 57025
STARLINK-81             
1 44292U 19029BK  20149.16667824  .06814268  00000-0  28406+0 0  9992
2 44292  53.0063 303.0811 0003334 359.9668 302.9671 15.18640814 57070
STARLINK-74             
1 44293U 19029BL  20149.25001157  .07931063  00000-0  32330+0 0  9999
2 44293  53.0046 302.5463 0003213  27.8937 311.0803 15.18651279 57092
STARLINK-53             
1 44294U 19029BM  20149.25001157  .04057867  00000-0  16732+0 0  9996
2 44294  52.9976 301.3216 0001864 183.6858 359.2924 15.19156910 57102
STARLINK-1007           
1 44713U 19074A   20148.75001157 -.00001064  00000-0 -53881-4 0  9993
2 44713  53.0001 307.4861 0001453  96.2487  79.6518 15.05576628  1763
STARLINK-1008           
1 44714U 19074B   20148.83334491  .00028469  00000-0  19658-2 0  9991
2 44714  53.0017 307.1008 0001331  77.2608 280.5953 15.05568115  1779
STARLINK-1009           
1 44715U 19074C   20148.66667824 -.00020345  00000-0 -13800-2 0  9992
2 44715  52.9978 307.8657 0001315  94.9988 132.9370 15.05610639 30606
STARLINK-1010           
1 44716U 19074D   20148.91667824  .00035631  00000-0  28398-2 0  9991
2 44716  52.9788 305.6711 0001682  85.5301   0.9227 15.00030387 30656
STARLINK-1011           
1 44717U 19074E   20149.25001157 -.00001227  00000-0 -65038-4 0  9991
2 44717  53.0010 325.2413 0001412 105.9956 277.3448 15.05572766 30414
STARLINK-1012           
1 44718U 19074F   20149.25001157  .00026595  00000-0  18381-2 0  9992
2 44718  52.9996 305.2382 0001321 105.0683 118.3529 15.05569453 30699
STARLINK-1013           
1 44719U 19074G   20148.83334491  .00026196  00000-0  18105-2 0  9997
2 44719  52.9994 307.1114 0001411  98.1066 331.7401 15.05577196  1780
STARLINK-1014           
1 44720U 19074H   20148.75001157  .00000122  00000-0  27712-4 0  9997
2 44720  52.9995 307.4746 0008052  42.4993 205.3817 15.05571608  1763
STARLINK-1015           
1 44721U 19074J   20148.83334491  .00027896  00000-0  19256-2 0  9996
2 44721  52.9949 307.1273 0001401  95.6978 298.1028 15.05590969 30621
STARLINK-1016           
1 44722U 19074K   20148.66667824 -.00012967  00000-0 -87176-3 0  9999
2 44722  53.0020 307.8425 0001484  98.0105  93.9353 15.05605377 30611
STARLINK-1017           
1 44723U 19074L   20148.75001157  .00007103  00000-0  50594-3 0  9999
2 44723  52.9996 307.4834 0001518 103.0286 108.8430 15.05598615  1769
STARLINK-1019           
1 44724U 19074M   20148.50001157 -.00007926  00000-0 -52517-3 0  9995
2 44724  53.0000 308.6065 0001332 107.1259  26.9163 15.05594509 30589
STARLINK-1020           
1 44725U 19074N   20148.83334491  .00001189  00000-0  10082-3 0  9996
2 44725  52.9996 327.1085 0001458 103.2528 324.4703 15.05567479  1787
STARLINK-1021           
1 44726U 19074P   20149.16667824 -.00012354  00000-0 -83042-3 0  9997
2 44726  53.0004 305.6150 0001297  99.2243  68.3468 15.05570266 30684
STARLINK-1022           
1 44727U 19074Q   20148.66667824 -.00030024  00000-0 -20492-2 0  9995
2 44727  53.0072 347.8120 0001294  89.6366 316.4976 15.05598169 30055
STARLINK-1023           
1 44728U 19074R   20149.25001157  .00028431  00000-0  19644-2 0  9997
2 44728  52.9990 305.2378 0001163  98.6731 286.7397 15.05544920 30699
STARLINK-1024           
1 44729U 19074S   20148.91667824  .00039207  00000-0  26958-2 0  9998
2 44729  53.0007 326.7332 0001288 103.0452 326.6008 15.05570501  1761
STARLINK-1025           
1 44730U 19074T   20148.91667824  .00036007  00000-0  24793-2 0  9990
2 44730  52.9990 306.7362 0001390  90.1316 323.6007 15.05557423 30645
STARLINK-1026           
1 44731U 19074U   20148.75001157 -.00009188  00000-0 -61234-3 0  9998
2 44731  52.9979 307.4837 0001405  81.2478 274.6335 15.05573715  1756
STARLINK-1027           
1 44732U 19074V   20148.91667824  .00048501  00000-0  33287-2 0  9992
2 44732  52.9995 326.7364 0001301  84.6937 129.0119 15.05539675 30365
STARLINK-1028           
1 44733U 19074W   20148.75001157 -.00006692  00000-0 -44059-3 0  9993
2 44733  52.9981 307.4838 0001364  98.6216 347.2593 15.05576249 30613
STARLINK-1029           
1 44734U 19074X   20149.25001157  .00041065  00000-0  48197-3 0  9998
2 44734  52.9982 275.6137 0003816 258.4151 271.7957 15.61087808 31101
STARLINK-1030           
1 44735U 19074Y   20148.83334491  .00005920  00000-0  42497-3 0  9999
2 44735  52.9989 327.1113 0001434  91.5639 354.0891 15.05594165  1776
STARLINK-1031           
1 44736U 19074Z   20148.91667824  .00039622  00000-0  27251-2 0  9994
2 44736  52.9955 326.7606 0001286  72.2875  15.3807 15.05554376 30366
STARLINK-1032           
1 44737U 19074AA  20148.75001157 -.00009166  00000-0 -61066-3 0  9993
2 44737  53.0011 327.4818 0001406  95.4039 114.3681 15.05583998  1762
STARLINK-1033           
1 44738U 19074AB  20148.66667824 -.00018907  00000-0 -12816-2 0  9994
2 44738  52.9970 327.8710 0001297 101.8368  88.0423 15.05588553  1779
STARLINK-1052           
1 44739U 19074AC  20148.75001157 -.00020501  00000-0 -13917-2 0  9992
2 44739  52.9992 327.4831 0001409 106.6004 211.1960 15.05586068 30337
STARLINK-1035           
1 44740U 19074AD  20148.83334491  .00005655  00000-0  40697-3 0  9990
2 44740  53.0006 327.1105 0001297  95.5893 224.1185 15.05577229  1773
STARLINK-1036           
1 44741U 19074AE  20148.83334491  .00005241  00000-0  37878-3 0  9999
2 44741  53.0001 327.1098 0001377  90.4087 175.2869 15.05561715  1776
STARLINK-1037           
1 44742U 19074AF  20147.98595603  .00001317  00000-0  10855-3 0  9995
2 44742  53.0003 330.7780 0001521  61.8592 298.2549 15.05937814 30052
STARLINK-1038           
1 44743U 19074AG  20149.25001157 -.00024585  00000-0 -16731-2 0  9996
2 44743  53.0004 345.2394 0001410  97.9873 339.5836 15.05599889 30138
STARLINK-1039           
1 44744U 19074AH  20149.16667824 -.00036049  00000-0 -24662-2 0  9996
2 44744  52.9990 345.6135 0001386 101.4896 208.2098 15.05599811 30122
STARLINK-1040           
1 44745U 19074AJ  20148.52372014  .00040284  11747-4  13173-3 0  9994
2 44745  52.9840 255.6616 0002229  64.1521 295.9734 15.91547499 31141
STARLINK-1041           
1 44746U 19074AK  20148.75001157 -.00027397  00000-0 -18684-2 0  9996
2 44746  53.0001 347.4828 0001529 100.7470 163.3976 15.05580413 30064
STARLINK-1042           
1 44747U 19074AL  20149.25001157 -.00032412  00000-0 -22140-2 0  9999
2 44747  53.0069 345.1970 0001513  94.2476 217.4062 15.05604458 30140
STARLINK-1043           
1 44748U 19074AM  20149.00001157  .00043876  00000-0  30128-2 0  9992
2 44748  53.0030 346.3516 0001505  88.0225 163.8141 15.05567469 30100
STARLINK-1044           
1 44749U 19074AN  20148.83334491  .00006886  00000-0  49140-3 0  9998
2 44749  52.9988 327.1097 0001467  94.5443 153.1660 15.05574423  1770
STARLINK-1045           
1 44750U 19074AP  20148.91667824  .00013245  00000-0  92677-3 0  9998
2 44750  53.0012 346.7383 0001601  89.8421 286.0307 15.05568217 30084
STARLINK-1046           
1 44751U 19074AQ  20148.83334491 -.00015483  00000-0 -10459-2 0  9996
2 44751  52.9994 347.1122 0001295  95.6500 224.3179 15.05575915 30074
STARLINK-1047           
1 44752U 19074AR  20149.25001157 -.00000001  00000-0  19102-4 0  9999
2 44752  52.9987 325.2382 0001376 104.6904 224.6067 15.05569271 30416
STARLINK-1048           
1 44753U 19074AS  20148.66667824 -.00024922  00000-0 -16966-2 0  9995
2 44753  52.9992 307.8625 0001357 103.5539 322.4197 15.05594399  1812
STARLINK-1049           
1 44754U 19074AT  20149.16667824 -.00016497  00000-0 -11152-2 0  9992
2 44754  52.9985 305.6128 0001177  97.7391 141.8131 15.05596290 30689
STARLINK-1050           
1 44755U 19074AU  20149.08334491  .00004014  00000-0  29455-3 0  9991
2 44755  53.0085 345.9358 0001558  96.2997  85.4199 15.05573751 30127
STARLINK-1051           
1 44756U 19074AV  20149.16667824 -.00014854  00000-0 -10022-2 0  9994
2 44756  52.9995 305.6112 0001311 117.1224 104.4079 15.05587731 30683
STARLINK-1034           
1 44757U 19074AW  20148.83334491  .00012194  00000-0  85434-3 0  9992
2 44757  52.9999 327.1112 0001412 105.2597  52.4263 15.05591025 30352
STARLINK-1053           
1 44758U 19074AX  20148.66667824 -.00025357  00000-0 -17260-2 0  9991
2 44758  53.0053 347.8341 0001582  93.4550 222.6945 15.05608419 30055
STARLINK-1054           
1 44759U 19074AY  20148.83334491 -.00012241  00000-0 -82232-3 0  9992
2 44759  53.0048 347.0759 0001476 100.4121  75.5762 15.05583306 30082
STARLINK-1055           
1 44760U 19074AZ  20148.83334491 -.00013846  00000-0 -93266-3 0  9995
2 44760  53.0098 347.0625 0001540  94.9086 153.0804 15.05591536 30083
STARLINK-1056           
1 44761U 19074BA  20148.91667824  .00017604  00000-0  12252-2 0  9993
2 44761  53.0062 346.6979 0001388  96.1658 189.8161 15.05554381 30092
STARLINK-1057           
1 44762U 19074BB  20149.25001157 -.00000470  00000-0 -13087-4 0  9997
2 44762  53.0000 325.2374 0001531 104.0594 171.2156 15.05593246 30413
STARLINK-1058           
1 44763U 19074BC  20149.16667824 -.00031151  00000-0 -21266-2 0  9993
2 44763  53.0038 345.5984 0001532  99.3738 354.3543 15.05607731 30121
STARLINK-1059           
1 44764U 19074BD  20149.25001157  .00000032  00000-0  21353-4 0  9996
2 44764  53.0006 325.2382 0001455 112.7457 180.5713 15.05564825 30412
STARLINK-1060           
1 44765U 19074BE  20149.25001157 -.00001968  00000-0 -11592-3 0  9991
2 44765  52.9999 325.2404 0001316  94.4283 108.8294 15.05574864 30417
STARLINK-1061           
1 44766U 19074BF  20149.16667824 -.00032442  00000-0 -22169-2 0  9993
2 44766  53.0040 345.5918 0001232  95.4837  34.2580 15.05591582 30130
STARLINK-1062           
1 44767U 19074BG  20149.16667824 -.00031567  00000-0 -21556-2 0  9990
2 44767  53.0038 345.5825 0001446  86.6826  79.0069 15.05604058 30134
STARLINK-1063           
1 44768U 19074BH  20149.08334491  .00001257  00000-0  10540-3 0  9996
2 44768  52.9993 345.9828 0001315  93.0709 214.7042 15.05582213 30112
STARLINK-1064           
1 44769U 19074BJ  20148.66667824 -.00022725  00000-0 -15449-2 0  9996
2 44769  53.0003 347.8584 0001581 113.8192  76.3494 15.05594008 30050
STARLINK-1065           
1 44770U 19074BK  20148.81238919  .00001274  00000-0  10564-3 0  9992
2 44770  53.0056 347.0878 0000910  73.6190 286.4898 15.05929335 29903
STARLINK-1067           
1 44771U 19074BL  20149.25001157 -.00030248  00000-0 -20659-2 0  9994
2 44771  53.0022 345.2221 0001294  93.6008 110.0705 15.05575614 30149
STARLINK-1068           
1 44772U 19074BM  20148.91667824  .00041568  00000-0  28569-2 0  9999
2 44772  53.0003 326.7355 0001180 103.3355 128.2947 15.05559389  1754
STARLINK-1073           
1 44914U 20001A   20148.66667824  .00007556  00000-0  53713-3 0  9990
2 44914  53.0011 107.8583 0001259  92.3365 282.9818 15.05582349 21532
STARLINK-1084           
1 44915U 20001B   20148.66667824  .00007638  00000-0  54295-3 0  9998
2 44915  53.0016 107.8561 0001301  78.1571 135.1926 15.05567813 21531
STARLINK-1097           
1 44916U 20001C   20148.75001157  .00041880  00000-0  28785-2 0  9991
2 44916  53.0017 107.4829 0001453  97.1546 154.1339 15.05553365  1766
STARLINK-1098           
1 44917U 20001D   20149.16667824 -.00016497  00000-0 -11152-2 0  9995
2 44917  53.0021 105.6114 0001656  85.7567 301.0983 15.05595403 21613
STARLINK-1099           
1 44918U 20001E   20149.16667824 -.00014526  00000-0 -97993-3 0  9995
2 44918  53.0003 105.6093 0001486  93.8378 239.0060 15.05574544 22341
STARLINK-1101           
1 44919U 20001F   20149.16667824 -.00011119  00000-0 -74528-3 0  9990
2 44919  53.0012 105.6129 0001214 106.8595 154.0330 15.05573800 21605
STARLINK-1102           
1 44920U 20001G   20149.16667824 -.00010632  00000-0 -71196-3 0  9999
2 44920  53.0014 105.6126 0001357  73.8659 169.0102 15.05560582 21604
STARLINK-1103           
1 44921U 20001H   20148.83334491  .00028609  00000-0  19757-2 0  9999
2 44921  52.9996 107.1078 0001210  99.7335 171.4481 15.05560937  1778
STARLINK-1104           
1 44922U 20001J   20148.83334491  .00031627  00000-0  21800-2 0  9996
2 44922  53.0009 107.1056 0001528  87.7917 219.4803 15.05581489  1773
STARLINK-1106           
1 44923U 20001K   20149.25001157  .00021394  00000-0  14833-2 0  9992
2 44923  53.0014 105.2410 0001375  86.9525 175.9000 15.05573005 21614
STARLINK-1111           
1 44924U 20001L   20149.25001157  .00020563  00000-0  14267-2 0  9991
2 44924  53.0012 105.2407 0001608  83.0769 233.7123 15.05569372 21617
STARLINK-1112           
1 44925U 20001M   20148.50001157 -.00028907  00000-0 -19721-2 0  9991
2 44925  52.9999 108.6047 0001481  81.9165  55.4933 15.05594160  1780
STARLINK-1113           
1 44926U 20001N   20149.25001157  .00026296  00000-0  18176-2 0  9995
2 44926  53.0018 105.2282 0001590  85.2357 123.5700 15.05571014 22369
STARLINK-1114           
1 44927U 20001P   20149.16667824 -.00016057  00000-0 -10852-2 0  9994
2 44927  53.0002 105.6095 0001606  83.6629 357.2251 15.05584544 21617
STARLINK-1119           
1 44928U 20001Q   20149.08334491 -.00030828  00000-0 -21046-2 0  9996
2 44928  53.0007 105.9861 0001764  85.8528 281.0909 15.05600595 21602
STARLINK-1121           
1 44929U 20001R   20149.25001157  .00025579  00000-0  17695-2 0  9996
2 44929  52.9998 105.2411 0001409  75.4433 205.3626 15.05555467 21613
STARLINK-1123           
1 44930U 20001S   20149.25001157  .00016912  00000-0  11772-2 0  9999
2 44930  53.0007 105.2359 0001579  75.9846  24.7862 15.05575265 21624
STARLINK-1128           
1 44931U 20001T   20149.25001157  .00029957  00000-0  20671-2 0  9991
2 44931  53.0041 105.2266 0001373  86.4085 140.3569 15.05568591 22369
STARLINK-1130 (DARKSAT) 
1 44932U 20001U   20149.25001157  .00025623  00000-0  17730-2 0  9990
2 44932  53.0002 105.2368 0001428  72.0681  82.6619 15.05544487 22850
STARLINK-1144           
1 44933U 20001V   20148.91667824  .00002465  00000-0  18833-3 0  9997
2 44933  53.0017 106.7363 0001295  91.9712 289.1443 15.05565928  1764
STARLINK-1071           
1 44934U 20001W   20149.25001157  .00041567  00000-0  28569-2 0  9999
2 44934  52.9994  85.2412 0001653  66.9877 215.9397 15.05557645 21893
STARLINK-1072           
1 44935U 20001X   20149.25001157  .00042683  00000-0  29338-2 0  9995
2 44935  53.0004  85.2383 0001600  77.1269   7.9072 15.05542918 21904
STARLINK-1078           
1 44936U 20001Y   20148.58334491 -.00011280  00000-0 -75634-3 0  9993
2 44936  53.0016  88.2276 0001485  81.3214 222.2006 15.05572700 21798
STARLINK-1079           
1 44937U 20001Z   20148.83334491  .00017245  00000-0  12000-2 0  9994
2 44937  53.0019  87.1030 0001341  91.9654 217.3412 15.05575441 21830
STARLINK-1082           
1 44938U 20001AA  20148.83334491  .00016844  00000-0  11724-2 0  9991
2 44938  52.9980  87.1136 0001508  89.2898   4.0679 15.05582256 21836
STARLINK-1083           
1 44939U 20001AB  20148.75001157  .00045992  00000-0  31557-2 0  9995
2 44939  52.9897  87.5274 0001633  93.3788 232.0920 15.05573023 21816
STARLINK-1091           
1 44940U 20001AC  20149.16667824  .00008554  00000-0  60554-3 0  9995
2 44940  52.9861  85.6943 0001677  79.4372 291.6271 15.05580734 21887
STARLINK-1094           
1 44941U 20001AD  20149.25001157  .00036990  00000-0  25457-2 0  9994
2 44941  53.0007  85.2353 0001577  77.8111 277.0994 15.05563034 21890
STARLINK-1096           
1 44942U 20001AE  20149.25001157  .00040287  00000-0  27685-2 0  9994
2 44942  53.0023  85.2367 0001815  82.1406 344.8601 15.05578420 21900
STARLINK-1100           
1 44943U 20001AF  20149.16667824  .00006132  00000-0  43978-3 0  9999
2 44943  52.9949  85.6379 0001472  70.3037  12.6972 15.05568744 21887
STARLINK-1108           
1 44944U 20001AG  20149.25001157  .00041192  00000-0  28314-2 0  9992
2 44944  52.9992  85.2415 0001394  78.1814 222.7496 15.05558344 21896
STARLINK-1109           
1 44945U 20001AH  20148.91667824 -.00018339  00000-0 -12425-2 0  9999
2 44945  52.9849  86.8058 0001514  97.0495  16.2033 15.05585026 21842
STARLINK-1110           
1 44946U 20001AJ  20148.27124946  .00000704  00000-0  67392-4 0  9992
2 44946  53.0039  89.6265 0001696  67.7998 292.3169 15.05632471 21754
STARLINK-1116           
1 44947U 20001AK  20149.25001157  .00037864  00000-0  26048-2 0  9998
2 44947  53.0000  85.2381 0001486  71.2350 319.7569 15.05567293 21907
STARLINK-1122           
1 44949U 20001AM  20149.25001157  .00044780  00000-0  30745-2 0  9994
2 44949  52.9996  85.2380 0001451  89.6896 139.2823 15.05562314 21895
STARLINK-1125           
1 44950U 20001AN  20149.25001157  .00046053  00000-0  31605-2 0  9997
2 44950  52.9891  85.2917 0001684  76.5133  62.4554 15.05565515 21898
STARLINK-1126           
1 44951U 20001AP  20149.14464793  .00005215  00000-0  37625-3 0  9999
2 44951  53.0036  85.7105 0001481 100.7214 259.3941 15.05637978 23174
STARLINK-1117           
1 44952U 20001AQ  20149.25001157  .00035863  00000-0  24689-2 0  9990
2 44952  52.9991  85.2420 0001411  77.3640 259.5877 15.05566644 21891
STARLINK-1124           
1 44953U 20001AR  20148.83334491  .00010214  00000-0  71913-3 0  9990
2 44953  53.0014  87.1103 0001352  90.9722  56.3905 15.05581402 23127
STARLINK-1066           
1 44954U 20001AS  20149.08334491  .00000917  00000-0  82152-4 0  9996
2 44954  53.0008  65.9820 0002109  77.2970 203.8640 15.05578383 22099
STARLINK-1069           
1 44955U 20001AT  20149.25001157  .00036573  00000-0  25180-2 0  9999
2 44955  53.0004  65.2319 0001850  71.7992 339.3001 15.05554134 22125
STARLINK-1070           
1 44956U 20001AU  20149.16667824  .00034787  00000-0  23954-2 0  9991
2 44956  53.0013  65.6147 0001858  68.9323 268.2501 15.05571705 22165
STARLINK-1074           
1 44957U 20001AV  20149.16667824  .00030000  00000-0  20705-2 0  9997
2 44957  52.9986  65.6174 0002129  75.1682 117.9817 15.05558983 22166
STARLINK-1075           
1 44958U 20001AW  20148.66667824  .00045397  00000-0  31178-2 0  9993
2 44958  52.9999  67.8603 0001857  78.3909 319.2104 15.05544820 22099
STARLINK-1076           
1 44959U 20001AX  20149.16667824  .00027641  00000-0  19096-2 0  9997
2 44959  52.9925  65.6601 0001764  71.1292  50.0124 15.05564326 22169
STARLINK-1077           
1 44960U 20001AY  20149.25001157  .00031452  00000-0  21681-2 0  9998
2 44960  53.0003  65.2435 0001681  72.2087 266.8617 15.05581281 22177
STARLINK-1080           
1 44961U 20001AZ  20149.25001157  .00036262  00000-0  24964-2 0  9990
2 44961  53.0062  65.2067 0001938  73.1303 103.8677 15.05561258 22189
STARLINK-1081           
1 44962U 20001BA  20148.91667824 -.00032595  00000-0 -22264-2 0  9990
2 44962  53.0014  66.7343 0002004  79.8242 359.5238 15.05607951 22139
STARLINK-1085           
1 44963U 20001BB  20149.25001157  .00034322  00000-0  23645-2 0  9992
2 44963  53.0019  65.2338 0001693  65.4514 327.5859 15.05560743 22916
STARLINK-1086           
1 44964U 20001BC  20149.25001157  .00032844  00000-0  22644-2 0  9998
2 44964  52.9992  65.2437 0002016  75.8312 299.2621 15.05553741 22187
STARLINK-1087           
1 44965U 20001BD  20149.27128383  .00731885  11974-4  22371-3 0  9997
2 44965  52.9965  47.2005 0009317 262.2998  97.7232 16.25989561 23166
STARLINK-1088           
1 44966U 20001BE  20148.75001157  .00024791  00000-0  17151-2 0  9993
2 44966  53.0009  67.4866 0001782  78.7220 338.7880 15.05569434 22103
STARLINK-1089           
1 44967U 20001BF  20148.83334491 -.00006518  00000-0 -42823-3 0  9997
2 44967  53.0023  67.1005 0002403  89.3227 312.1836 15.05605490 22120
STARLINK-1090           
1 44968U 20001BG  20149.16667824  .00028557  00000-0  19728-2 0  9996
2 44968  53.0016  65.6040 0001325  25.9012  41.2870 15.05548877 22173
STARLINK-1092           
1 44969U 20001BH  20148.75001157  .00026158  00000-0  18080-2 0  9997
2 44969  52.9837  67.5668 0001652  73.4317 290.1491 15.05575268 22100
STARLINK-1093           
1 44970U 20001BJ  20149.08334491 -.00007370  00000-0 -48704-3 0  9990
2 44970  52.9988  65.9915 0001786  70.8584  48.3357 15.05586865 22155
STARLINK-1095           
1 44971U 20001BK  20149.16667824  .00031993  00000-0  22058-2 0  9998
2 44971  52.9998  65.6178 0002080  76.1239 188.9929 15.05565301 22168
STARLINK-1107           
1 44972U 20001BL  20148.58334491  .00052388  00000-0  35892-2 0  9996
2 44972  53.0007  68.2212 0001773  77.2480  30.4642 15.05567838  1761
STARLINK-1115           
1 44973U 20001BM  20149.25001157  .00034566  00000-0  23815-2 0  9992
2 44973  52.9957  65.2675 0001677  73.5803 157.4851 15.05554658 22171
STARLINK-1132           
1 45044U 20006A   20148.83334491 -.00032450  00000-0 -22176-2 0  9991
2 45044  52.9994  27.1080 0001981  81.6193 270.0790 15.05587569  1773
STARLINK-1120           
1 45045U 20006B   20148.75001157  .00005161  00000-0  37310-3 0  9997
2 45045  52.9994  47.4856 0001573  91.8865 165.8073 15.05580623  1764
STARLINK-1129           
1 45046U 20006C   20148.91667824 -.00032444  00000-0 -22170-2 0  9998
2 45046  52.9990  46.7451 0001542  78.8723 308.6407 15.05592087  1796
STARLINK-1131           
1 45047U 20006D   20148.83334491 -.00023517  00000-0 -15989-2 0  9992
2 45047  52.9994  47.1102 0001787  94.5010 237.1258 15.05609485  1773
STARLINK-1134           
1 45048U 20006E   20148.75001157 -.00018452  00000-0 -12500-2 0  9992
2 45048  52.9981  47.4836 0001512  93.0769  92.6109 15.05594494  1769
STARLINK-1135           
1 45049U 20006F   20148.58334491  .00045526  00000-0  31253-2 0  9990
2 45049  53.0002  48.2314 0001470  90.2879 253.5382 15.05559363 18473
STARLINK-1140           
1 45050U 20006G   20148.91667824 -.00026182  00000-0 -17844-2 0  9997
2 45050  52.9989  46.7393 0001550  78.8429 236.6659 15.05579893 18524
STARLINK-1141           
1 45051U 20006H   20148.41667824 -.00028618  00000-0 -19510-2 0  9991
2 45051  52.9994  48.9812 0001615  81.8147  60.1529 15.05614649 18440
STARLINK-1148           
1 45052U 20006J   20148.75001157  .00005541  00000-0  39907-3 0  9991
2 45052  52.9999  47.4887 0001846  91.4164   4.2775 15.05589738 18491
STARLINK-1155           
1 45053U 20006K   20148.66667824  .00032087  00000-0  22112-2 0  9995
2 45053  53.0006  47.8584 0001612  86.8607 168.8717 15.05582344 18491
STARLINK-1156           
1 45054U 20006L   20148.25001157  .00018015  00000-0  12523-2 0  9992
2 45054  53.0001  49.7298 0001483  85.9815 196.1128 15.05583099 18428
STARLINK-1157           
1 45055U 20006M   20148.66667824  .03439874  00000-0  48220-1 0  9992
2 45055  53.0005  40.7024 0003116  73.7170 321.1137 15.52331728 18595
STARLINK-1158           
1 45056U 20006N   20148.66667824  .00034866  00000-0  24007-2 0  9990
2 45056  52.9976  47.8736 0001610  76.4542 269.2680 15.05573752  1768
STARLINK-1159           
1 45057U 20006P   20148.41667824 -.00035146  00000-0 -24022-2 0  9995
2 45057  52.9996  48.9796 0001430  81.2427 294.7210 15.05621808  1774
STARLINK-1162           
1 45058U 20006Q   20148.58334491  .00039785  00000-0  27364-2 0  9998
2 45058  52.9998  48.2293 0001644  98.1890 137.6210 15.05551943 18472
STARLINK-1165           
1 45059U 20006R   20148.50001157  .00005813  00000-0  41767-3 0  9990
2 45059  53.0019  48.6021 0001693  88.9485 306.9469 15.05590704  1784
STARLINK-1166           
1 45060U 20006S   20148.66667824  .00027182  00000-0  18776-2 0  9994
2 45060  53.0004  47.8586 0001637  95.5105 142.2372 15.05578644 18497
STARLINK-1169           
1 45061U 20006T   20148.66667824  .00026151  00000-0  18070-2 0  9997
2 45061  53.0012  47.8549 0001448 101.4953 100.2681 15.05585868 18486
STARLINK-1171           
1 45062U 20006U   20148.75001157  .00003736  00000-0  27542-3 0  9998
2 45062  52.9997  47.4859 0001493  88.5613 277.0190 15.05586694 18504
STARLINK-1178           
1 45063U 20006V   20148.58334491  .00037328  00000-0  25683-2 0  9997
2 45063  53.0011  48.2306 0001475  89.6849   2.1348 15.05568686 18472
STARLINK-1133           
1 45064U 20006W   20148.83334491 -.00033857  00000-0 -23155-2 0  9993
2 45064  53.0017  27.1057 0001594  82.9408  16.8148 15.05580825 18803
STARLINK-1139           
1 45065U 20006X   20148.50001157  .00033029  00000-0  22768-2 0  9996
2 45065  53.0013  28.6001 0001531  78.2731 355.7742 15.05557180 18750
STARLINK-1145           
1 45066U 20006Y   20148.66667824  .00020756  00000-0  14391-2 0  9999
2 45066  52.9996  27.8610 0002303  87.3491 296.5352 15.05589208  1777
STARLINK-1150           
1 45067U 20006Z   20148.58334491  .00034372  00000-0  23679-2 0  9990
2 45067  53.0103  28.1715 0002178  83.7175 136.2255 15.05560721 18767
STARLINK-1161           
1 45068U 20006AA  20148.75001157 -.00018117  00000-0 -12274-2 0  9990
2 45068  52.9957  27.5022 0001955  88.3825   9.4263 15.05577903  1764
STARLINK-1163           
1 45069U 20006AB  20148.75001157 -.00016926  00000-0 -11440-2 0  9991
2 45069  52.9994  27.4832 0002070  79.3619  72.4652 15.05618375  1765
STARLINK-1164           
1 45070U 20006AC  20148.41667824 -.00009820  00000-0 -65564-3 0  9997
2 45070  52.9996  28.9802 0002023  89.6169  90.4387 15.05583208 18730
STARLINK-1167           
1 45071U 20006AD  20148.58334491  .00045695  00000-0  31360-2 0  9991
2 45071  53.0002  28.2314 0001914  86.9462 313.0388 15.05568266 18750
STARLINK-1168           
1 45072U 20006AE  20148.58334491  .00176940  00000-0  11872-1 0  9995
2 45072  52.9989  28.2308 0001759  86.3022 295.5934 15.05546978 18767
STARLINK-1170           
1 45073U 20006AF  20148.66667824  .00017264  00000-0  12014-2 0  9997
2 45073  52.9987  27.8596 0001754  83.4538 246.4282 15.05571436 18763
STARLINK-1172           
1 45074U 20006AG  20148.50001157  .00032434  00000-0  22341-2 0  9992
2 45074  52.9968  28.6165 0001700  77.5831 140.4357 15.05594552  1789
STARLINK-1174           
1 45075U 20006AH  20148.50001157  .00033830  00000-0  23314-2 0  9995
2 45075  53.0011  28.5996 0001331  74.4659 341.5787 15.05555546 18752
STARLINK-1180           
1 45076U 20006AJ  20148.58334491  .00040343  00000-0  27732-2 0  9999
2 45076  53.0024  28.2251 0001615  85.0233  26.8885 15.05565965 18768
STARLINK-1182           
1 45077U 20006AK  20148.83334491 -.00028220  00000-0 -19242-2 0  9997
2 45077  52.9980  27.1102 0002082  81.0610 180.6170 15.05599653 18795
STARLINK-1177           
1 45078U 20006AL  20148.41667824 -.00005818  00000-0 -38048-3 0  9995
2 45078  53.0010  28.9786 0001741  76.3226 157.7789 15.05575841 18389
STARLINK-1149           
1 45079U 20006AM  20148.83334491 -.00032570  00000-0 -22245-2 0  9999
2 45079  52.9783  27.2235 0001878  86.3616 319.4219 15.05611169  1786
STARLINK-1153           
1 45080U 20006AN  20148.75001157 -.00019310  00000-0 -13097-2 0  9994
2 45080  53.0004  27.4761 0002072  92.6275 185.2088 15.05577977  1769
STARLINK-1151           
1 45081U 20006AP  20148.83334491 -.00033756  00000-0 -23080-2 0  9997
2 45081  53.0019  27.0958 0001450  85.3716  32.3510 15.05589871 18809
STARLINK-1160           
1 45082U 20006AQ  20148.50001157  .00030526  00000-0  21070-2 0  9999
2 45082  52.9918  28.6468 0002008  82.3498  81.6447 15.05547211 18744
STARLINK-1190           
1 45083U 20006AR  20148.91667824 -.00032741  00000-0 -22372-2 0  9993
2 45083  52.9986  46.7375 0001613  91.8786 313.7308 15.05597991  1796
STARLINK-1173           
1 45084U 20006AS  20148.83334491  .05282211  00000-0  15100+0 0  9996
2 45084  53.0012   8.0584 0002602 302.2540 295.8088 15.31029065 19175
STARLINK-1179           
1 45085U 20006AT  20148.75001157  .05156851  00000-0  16492+0 0  9993
2 45085  52.9983   8.2490 0002372 307.6380 311.3976 15.27452577 19054
STARLINK-1181           
1 45086U 20006AU  20148.83334491  .02354808  00000-0  51966-1 0  9999
2 45086  53.0005   8.9235 0002050 152.0028 352.1881 15.39836854 19055
STARLINK-1185           
1 45087U 20006AV  20148.58334491  .10995795  00000-0  24272+0 0  9995
2 45087  52.9987  10.1351 0003141 259.4568 335.4288 15.40706183 19115
STARLINK-1183           
1 45088U 20006AW  20148.75001157  .00613525  00000-0  14081-1 0  9991
2 45088  53.0007   9.3285 0004201  64.1202 331.6979 15.40144725 18696
STARLINK-1136           
1 45089U 20006AX  20148.83334491  .04359904  00000-0  12709+0 0  9996
2 45089  53.0006   8.0289 0001980 258.1204 310.0300 15.30523439 18718
STARLINK-1176           
1 45090U 20006AY  20148.83334491  .02851845  00000-0  90946-1 0  9998
2 45090  52.9968   7.8301 0003316  52.1379 326.4807 15.28009439 18727
STARLINK-1127           
1 45091U 20006AZ  20148.41667824  .03767371  00000-0  82417-1 0  9997
2 45091  52.9966  10.9654 0002565 351.1286 307.6385 15.39540138 18984
STARLINK-1137           
1 45092U 20006BA  20148.66667824  .02761917  00000-0  63284-1 0  9995
2 45092  52.9994   9.8010 0002182 297.2407 295.0974 15.38693221 19020
STARLINK-1142           
1 45093U 20006BB  20148.91667824  .03145642  00000-0  71851-1 0  9995
2 45093  52.9996   8.6441 0002135 209.8087 334.7805 15.38280379 19063
STARLINK-1146           
1 45094U 20006BC  20148.58334491  .11808175  00000-0  25372+0 0  9991
2 45094  52.9991  10.0852 0002646 269.9534 341.1024 15.41322610 19012
STARLINK-1147           
1 45095U 20006BD  20148.41667824  .02343934  00000-0  47397-1 0  9993
2 45095  52.9976  10.9390 0003412  76.9806 322.6076 15.42512175 18997
STARLINK-1152           
1 45096U 20006BE  20148.83334491  .01695946  00000-0  40409-1 0  9990
2 45096  52.9991   9.0346 0003659  81.7704 340.8738 15.38041401 19058
STARLINK-1175           
1 45097U 20006BF  20148.50001157  .04618309  00000-0  12888-1 0  9996
2 45097  52.9977   2.4120 0002354 158.1015 320.7209 15.89180605 19220
STARLINK-1184           
1 45098U 20006BG  20148.75001157  .01079364  00000-0  24834-1 0  9997
2 45098  52.9998   9.3669 0003996  35.1775 318.4185 15.39489604 17241
STARLINK-1186           
1 45099U 20006BH  20146.14597133 -.00162923  00000-0 -28150-2 0  9994
2 45099  52.9993  21.6853 0003067 311.4867  48.5877 15.50926864 18630
STARLINK-1193           
1 45100U 20006BJ  20148.66667824  .02681937  00000-0  59905-1 0  9993
2 45100  53.0001   9.7474 0002181 315.4496 302.3102 15.39583214 19020
STARLINK-1194           
1 45101U 20006BK  20148.83334491  .01467820  00000-0  33119-1 0  9995
2 45101  52.9992   8.9694 0002964 113.6071 354.7596 15.39660690 19054
STARLINK-1195           
1 45102U 20006BL  20148.75001157  .01660561  00000-0  39135-1 0  9998
2 45102  52.9995   9.3955 0003191  20.9734 306.6394 15.38444026 19034
STARLINK-1196           
1 45103U 20006BM  20148.66667824  .01871491  00000-0  40177-1 0  9992
2 45103  52.9996   9.7611 0003416  12.1743 307.3057 15.40918902 19027
STARLINK-1138           
1 45178U 20012A   20148.91667824  .00038858  00000-0  26727-2 0  9996
2 45178  52.9998 166.7361 0001500  95.2603 117.4581 15.05561752  1757
STARLINK-1143           
1 45179U 20012B   20149.08334491  .00001803  00000-0  14285-3 0  9994
2 45179  52.9939 166.0193 0001365  91.4511 287.1097 15.05590656 15931
STARLINK-1192           
1 45180U 20012C   20149.00001157  .00034323  00000-0  23641-2 0  9996
2 45180  52.9990 166.3595 0001057  99.2462 241.3124 15.05568537 15923
STARLINK-1200           
1 45181U 20012D   20148.83334491  .00009092  00000-0  64239-3 0  9991
2 45181  52.9995 167.1091 0001224  90.5674  84.1671 15.05578143 15894
STARLINK-1201           
1 45182U 20012E   20149.00001157  .00068991  00000-0  47082-2 0  9991
2 45182  53.0059 146.3231 0001349  75.2070 177.4974 15.05579220 16217
STARLINK-1202           
1 45183U 20012F   20148.91667824  .00038238  00000-0  26305-2 0  9996
2 45183  53.0003 166.7319 0000852  86.6669 359.9878 15.05563845  1791
STARLINK-1205           
1 45184U 20012G   20148.75001157  .00001017  00000-0  89002-4 0  9990
2 45184  53.0014 147.4732 0001537  71.6523 229.3086 15.05575337 16148
STARLINK-1216           
1 45185U 20012H   20148.83334491  .00008930  00000-0  63135-3 0  9999
2 45185  52.9989 167.1049 0001258  91.9616 298.8303 15.05576279  1767
STARLINK-1224           
1 45186U 20012J   20148.83334491  .00012203  00000-0  85518-3 0  9997
2 45186  52.9994 167.1108 0001236  96.8639 203.8877 15.05582527 15901
STARLINK-1225           
1 45187U 20012K   20148.83334491  .00010793  00000-0  75904-3 0  9998
2 45187  52.9998 167.1072 0001085  99.9320 182.8717 15.05567289 15658
STARLINK-1228           
1 45188U 20012L   20149.25001157  .01912455  00000-0  36219-1 0  9997
2 45188  52.9971 129.2593 0003596  91.9180 318.4447 15.44609009 16122
STARLINK-1230           
1 45189U 20012M   20149.16667824 -.00025298  00000-0 -17219-2 0  9998
2 45189  52.9993 165.6145 0001617  81.6009 190.8655 15.05609253 15661
STARLINK-1234           
1 45190U 20012N   20149.25001157  .03503486  00000-0  38914-1 0  9996
2 45190  52.9994 129.8128 0006532 233.5007 281.8135 15.58650314 16133
STARLINK-1236           
1 45191U 20012P   20148.83334491  .00009777  00000-0  68935-3 0  9999
2 45191  53.0002 167.1069 0001203  99.5909 129.1287 15.05574636 15906
STARLINK-1237           
1 45192U 20012Q   20148.58334491  .00013798  00000-0  96418-3 0  9997
2 45192  52.9993 168.2317 0000929 103.8397 353.1594 15.05583487 15573
STARLINK-1239           
1 45193U 20012R   20148.75001157 -.00027361  00000-0 -18644-2 0  9994
2 45193  53.0016 167.4760 0001400  91.2282 243.6085 15.05609368 15602
STARLINK-1240           
1 45194U 20012S   20149.16667824 -.00030225  00000-0 -20631-2 0  9992
2 45194  53.0000 165.6103 0001407 105.8032 310.6247 15.05597453 15661
STARLINK-1241           
1 45195U 20012T   20148.83334491  .00011821  00000-0  82931-3 0  9998
2 45195  53.0016 167.0945 0001326  85.8270 358.9432 15.05571096 15611
STARLINK-1244           
1 45196U 20012U   20148.91667824  .00036873  00000-0  25382-2 0  9997
2 45196  52.9982 166.7385 0001330  98.9831 131.6799 15.05556520  1756
STARLINK-1269           
1 45197U 20012V   20149.25001157 -.00027534  00000-0 -18768-2 0  9993
2 45197  52.9997 165.2373 0001105  82.9188 209.5326 15.05601858 15696
STARLINK-1154           
1 45198U 20012W   20148.58334491 -.00021431  00000-0 -14546-2 0  9999
2 45198  52.9986 148.2268 0001508  64.1016 286.9909 15.05617552 15850
STARLINK-1197           
1 45199U 20012X   20149.25001157 -.00018912  00000-0 -12814-2 0  9991
2 45199  52.9994 145.2364 0001636  66.0326 282.5627 15.05604072 15954
STARLINK-1198           
1 45200U 20012Y   20148.91667824  .00050635  00000-0  34738-2 0  9990
2 45200  53.0002 146.7386 0001498  66.2503 256.5497 15.05533302 15902
STARLINK-1199           
1 45201U 20012Z   20148.66667824 -.00037793  00000-0 -25877-2 0  9999
2 45201  52.9999 147.8617 0001574  65.0088 324.0990 15.05590742  1775
STARLINK-1203           
1 45202U 20012AA  20148.58334491  .00010781  00000-0  82587-3 0  9990
2 45202  52.9978 168.0085 0000925  79.8429  97.6600 15.02334781 15590
STARLINK-1204           
1 45203U 20012AB  20149.25001157 -.00009230  00000-0 -61493-3 0  9998
2 45203  52.9985 145.2539 0001601  73.6515 130.8714 15.05592055 15926
STARLINK-1206           
1 45204U 20012AC  20148.83334491  .00035705  00000-0  24586-2 0  9997
2 45204  53.0035 147.0920 0001221  72.0608 338.8530 15.05559918 15896
STARLINK-1208           
1 45205U 20012AD  20149.25001157 -.00023751  00000-0 -16163-2 0  9997
2 45205  53.0002 145.2312 0001419  68.3921 334.1186 15.05580653 15965
STARLINK-1209           
1 45206U 20012AE  20149.25001157  .00002749  00000-0  46253-4 0  9995
2 45206  52.9981 129.1108 0001602  65.6774  49.9707 15.55655427 16164
STARLINK-1210           
1 45207U 20012AF  20148.91667824  .00040975  00000-0  28148-2 0  9991
2 45207  52.9998 146.7377 0001491  68.8095 218.0106 15.05583733  1782
STARLINK-1211           
1 45208U 20012AG  20149.25001157 -.00017393  00000-0 -11768-2 0  9991
2 45208  52.9985 145.2407 0001306  67.4422 191.1028 15.05600475 15941
STARLINK-1218           
1 45209U 20012AH  20148.91667824  .00039479  00000-0  27163-2 0  9996
2 45209  53.0010 146.7243 0001594  72.7967  34.0812 15.05542219  1761
STARLINK-1219           
1 45210U 20012AJ  20148.83334491  .00032293  00000-0  22259-2 0  9998
2 45210  52.9993 147.1109 0001485  60.4640 116.4753 15.05571221 15880
STARLINK-1231           
1 45212U 20012AL  20148.91667824  .00041467  00000-0  28493-2 0  9997
2 45212  53.0013 146.7253 0001648  73.8863 356.9520 15.05568274 15919
STARLINK-1232           
1 45213U 20012AM  20149.25001157 -.00024143  00000-0 -16437-2 0  9996
2 45213  53.0020 145.2301 0001768  65.1369 355.3789 15.05573828 15959
STARLINK-1233           
1 45214U 20012AN  20148.91667824  .00038179  00000-0  26260-2 0  9995
2 45214  52.9969 146.7465 0001503  79.4951 135.3725 15.05570355 15890
STARLINK-1245           
1 45215U 20012AP  20148.91667824  .00034950  00000-0  24064-2 0  9999
2 45215  52.9985 146.7349 0001495  70.6999 162.1512 15.05573099 15895
STARLINK-1254           
1 45216U 20012AQ  20148.66667824 -.00034267  00000-0 -23438-2 0  9999
2 45216  53.0003 147.8479 0001625  61.3214 111.7871 15.05582548 15861
STARLINK-1271           
1 45217U 20012AR  20148.83334491  .00035640  00000-0  24549-2 0  9998
2 45217  53.0009 147.1006 0001506  69.5756 215.3794 15.05548683 15896
STARLINK-1105           
1 45218U 20012AS  20148.91667824  .00241612  00000-0  25695-2 0  9998
2 45218  53.0007 135.1432 0001939 140.0635 300.8494 15.62725048  1815
STARLINK-1187           
1 45219U 20012AT  20149.08334491 -.00023930  00000-0 -25582-3 0  9998
2 45219  53.0005 132.9025 0008162  69.7811 190.5493 15.62743039 16106
STARLINK-1188           
1 45220U 20012AU  20149.16667824 -.00033673  00000-0 -36292-3 0  9993
2 45220  52.9998 133.9687 0001921  24.9405 347.6945 15.62786323 16100
STARLINK-1189           
1 45221U 20012AV  20148.91667824  .00042224  00000-0  46518-3 0  9998
2 45221  52.9997 135.1829 0001640  43.9301   4.8923 15.62718655  1819
STARLINK-1191           
1 45222U 20012AW  20148.83334491  .00056233  00000-0  61531-3 0  9998
2 45222  52.9985 135.6127 0005891 102.0157 185.0889 15.62752162 16057
STARLINK-1212           
1 45223U 20012AX  20148.91667824  .00046465  00000-0  51039-3 0  9995
2 45223  52.9997 135.1152 0004322  99.0300 343.6184 15.62744031 16064
STARLINK-1214           
1 45224U 20012AY  20148.58334491 -.00031872  00000-0 -34319-3 0  9990
2 45224  52.9990 136.8604 0005700 103.4949 206.1660 15.62756328 16028
STARLINK-1215           
1 45225U 20012AZ  20149.25001157 -.00009126  00000-0 -93997-4 0  9991
2 45225  52.9997 133.5137 0001803  34.3161 111.2246 15.62734857 16118
STARLINK-1217           
1 45226U 20012BA  20148.91667824  .00054007  00000-0  59195-3 0  9990
2 45226  52.9999 135.1539 0002407  54.7706   7.5113 15.62741681  1776
STARLINK-1221           
1 45227U 20012BB  20148.91667824 -.00010976  00000-0 -11429-3 0  9998
2 45227  53.0001 135.2181 0004141  57.3303 335.5002 15.62711375 16039
STARLINK-1222           
1 45228U 20012BC  20148.50001157  .00009808  00000-0  11278-3 0  9997
2 45228  52.9985 137.2644 0005625  89.6215 114.3390 15.62758239 16003
STARLINK-1226           
1 45229U 20012BD  20149.16667824 -.00033870  00000-0 -36517-3 0  9991
2 45229  52.9997 133.9168 0003037  57.3083 342.4292 15.62775218 16103
STARLINK-1227           
1 45230U 20012BE  20149.25001157 -.00007840  00000-0 -79757-4 0  9996
2 45230  52.9997 133.4993 0006267 112.9984  39.3077 15.62739258 16110
STARLINK-1229           
1 45231U 20012BF  20149.16667824 -.00033425  00000-0 -36041-3 0  9992
2 45231  53.0000 133.9424 0002371  28.0210 358.2691 15.62768685 16103
STARLINK-1235           
1 45232U 20012BG  20149.16667824 -.00030924  00000-0 -33242-3 0  9994
2 45232  52.9985 131.0059 0007000  77.8027 294.0906 15.62770053 16129
STARLINK-1238           
1 45233U 20012BH  20149.25001157 -.00020265  00000-0 -13747-2 0  9990
2 45233  52.9896 145.2975 0001296  82.2279 104.2342 15.05604826 15941
STARLINK-1243           
1 45234U 20012BJ  20149.08334491  .00002659  00000-0  20155-3 0  9999
2 45234  52.9994 165.9873 0001287  96.3832  66.1771 15.05581814 15671
STARLINK-1246           
1 45235U 20012BK  20148.58334491  .00008672  00000-0  61381-3 0  9991
2 45235  52.9986 168.2318 0001356  75.5488 327.4762 15.05569576 15603
STARLINK-1247           
1 45236U 20012BL  20149.25001157 -.00010218  00000-0 -10594-3 0  9998
2 45236  53.0001 133.4950 0001996  34.8967 119.1427 15.62738689 16117
STARLINK-1270           
1 45237U 20012BM  20148.91667824  .00043620  00000-0  47978-3 0  9997
2 45237  52.9989 135.1694 0001987  15.2015  40.3458 15.62745087 16065
STARLINK-1279           
1 45360U 20019A   20148.91667824 -.00008723  00000-0 -89544-4 0  9994
2 45360  52.9978 268.1728 0001697  44.2653  52.2989 15.62746578 11706
STARLINK-1301           
1 45361U 20019B   20149.25001157  .03896821  00000-0  75455-1 0  9992
2 45361  52.9954 267.2171 0002050 319.9252 273.3331 15.43101023 11744
STARLINK-1306           
1 45362U 20019C   20149.00001157  .00093841  00000-0  69522-2 0  9993
2 45362  52.9930 285.3332 0001455  82.7431   1.8037 15.02321540 11482
STARLINK-1311           
1 45363U 20019D   20148.76532307  .00054956  00000-0  44582-3 0  9996
2 45363  52.9977 268.8734 0005813 332.1201  27.9502 15.70204799 11684
STARLINK-1313           
1 45364U 20019E   20149.25001157  .00056267  00000-0  61476-3 0  9994
2 45364  52.9976 266.5233 0001288  41.9165 134.6156 15.62807594 11751
STARLINK-1317           
1 45365U 20019F   20149.16667824  .04873106  00000-0  10393+0 0  9995
2 45365  52.9971 267.6968 0003666  65.8092 337.4233 15.39911359 11736
STARLINK-1262           
1 45366U 20019G   20148.91667824  .00007484  00000-0  53232-3 0  9995
2 45366  52.9997 286.7380 0001407 109.6079 108.2371 15.05578065 11450
STARLINK-1273           
1 45367U 20019H   20148.91667824  .00008470  00000-0  59986-3 0  9994
2 45367  52.9992 286.7383 0001358 106.2982   3.5643 15.05576808 11452
STARLINK-1276           
1 45368U 20019J   20148.91667824  .00007762  00000-0  55115-3 0  9998
2 45368  53.0013 286.7289 0001177  97.7645 156.0761 15.05588976 11457
STARLINK-1277           
1 45369U 20019K   20148.83334491  .00045101  00000-0  30953-2 0  9992
2 45369  53.0010 287.1047 0001147  91.9876  88.0093 15.05574449 11442
STARLINK-1281           
1 45370U 20019L   20148.91667824  .00007380  00000-0  52508-3 0  9990
2 45370  52.9921 286.7721 0001093  92.2423 233.5822 15.05584920 11430
STARLINK-1287           
1 45371U 20019M   20148.91667824  .00007817  00000-0  55493-3 0  9992
2 45371  52.9997 286.7390 0001275  80.4813  83.3897 15.05591137 11453
STARLINK-1288           
1 45372U 20019N   20149.25001157  .00038121  00000-0  26214-2 0  9992
2 45372  52.9979 285.2386 0001258 106.9780 352.6154 15.05580011 11504
STARLINK-1295           
1 45373U 20019P   20148.91667824  .00005853  00000-0  42062-3 0  9990
2 45373  52.9988 286.7365 0001372  79.6754 102.1771 15.05572085 11451
STARLINK-1300           
1 45374U 20019Q   20148.91667824  .00004866  00000-0  35274-3 0  9991
2 45374  53.0004 286.7351 0001362  85.2129 114.6675 15.05600378 11454
STARLINK-1302           
1 45375U 20019R   20148.91667824 -.00010188  00000-0 -68103-3 0  9995
2 45375  52.9996 286.7356 0001375  92.4800  35.4782 15.05582487 11457
STARLINK-1304           
1 45376U 20019S   20148.91667824  .00007222  00000-0  51433-3 0  9997
2 45376  52.9983 286.7367 0001164 100.7825 297.0865 15.05580594 11457
STARLINK-1305           
1 45377U 20019T   20149.16667824  .00015798  00000-0  11013-2 0  9992
2 45377  52.9995 285.6136 0001137  94.2851  57.3595 15.05569696 11490
STARLINK-1310           
1 45378U 20019U   20148.91667824  .00006460  00000-0  46205-3 0  9993
2 45378  53.0009 286.7271 0001159  96.3909 211.4268 15.05587262 11457
STARLINK-1319           
1 45379U 20019V   20148.91667824  .00005517  00000-0  39754-3 0  9997
2 45379  53.0006 286.7298 0001361 102.8066 187.0645 15.05579823 11457
STARLINK-1207           
1 45380U 20019W   20148.41667824  .02246967  00000-0  33048-1 0  9990
2 45380  53.0004 272.2611 0002499 115.7336 354.0984 15.51905899 11619
STARLINK-1258           
1 45381U 20019X   20149.16667824  .05215281  00000-0  80595-1 0  9991
2 45381  52.9945 268.6241 0004238  20.2540 300.3421 15.49181678 11719
STARLINK-1264           
1 45382U 20019Y   20148.91667824  .03616477  00000-0  53936-1 0  9993
2 45382  52.9985 269.8059 0003752  68.0252 335.0283 15.51013357 11503
STARLINK-1266           
1 45383U 20019Z   20148.83334491  .04545217  00000-0  68652-1 0  9991
2 45383  52.9985 270.2349 0003359 347.7694 284.3338 15.50404643 11667
STARLINK-1267           
1 45384U 20019AA  20148.83334491  .04655311  00000-0  68891-1 0  9994
2 45384  52.9993 270.2290 0004007   0.2157 290.8190 15.50895508 11671
STARLINK-1268           
1 45385U 20019AB  20148.51193431  .00023562  00000-0  25287-3 0  9994
2 45385  52.9998 271.5760 0002527  91.4951 268.6351 15.63703071 11637
STARLINK-1272           
1 45386U 20019AC  20148.91667824  .04298313  00000-0  63538-1 0  9992
2 45386  52.9997 269.8471 0003771  60.3614 330.0789 15.50585814 11693
STARLINK-1274           
1 45387U 20019AD  20148.91667824  .14696799  00000-0  23949+0 0  9994
2 45387  52.9955 269.8324 0004108  20.1898 331.2310 15.48609150 11665
STARLINK-1280           
1 45388U 20019AE  20148.91667824  .00147301  00000-0  11758-1 0  9997
2 45388  52.9933 284.2480 0001456  79.8218 168.2405 14.99140627 11483
STARLINK-1283           
1 45389U 20019AF  20149.08334491  .01104432  00000-0  39152-1 0  9995
2 45389  52.9959 266.7485 0001603 180.8280   6.4260 15.26037309 11742
STARLINK-1284           
1 45390U 20019AG  20148.91667824  .01954742  00000-0  30171-1 0  9996
2 45390  52.9993 269.8105 0004033  49.9015 321.0903 15.50474720 11688
STARLINK-1289           
1 45391U 20019AH  20149.25001157  .05582366  00000-0  87470-1 0  9993
2 45391  52.9994 268.2668 0003591  65.0285 340.0782 15.48463764 11468
STARLINK-1290           
1 45392U 20019AJ  20149.08334491  .04200764  00000-0  84619-1 0  9995
2 45392  52.9971 269.4728 0004009  43.3367 322.0968 15.42275267 11435
STARLINK-1291           
1 45393U 20019AK  20149.25001157  .03852429  00000-0  58251-1 0  9998
2 45393  52.9945 268.1606 0000756 144.3094 327.5734 15.50368498 11497
STARLINK-1292           
1 45394U 20019AL  20149.00001157  .00638710  00000-0  10245-1 0  9995
2 45394  52.9980 269.4414 0003592 121.1941 342.1059 15.50227408 11435
STARLINK-1297           
1 45395U 20019AM  20149.16667824  .03599351  00000-0  73148-1 0  9993
2 45395  52.9965 269.1051 0002926 104.0171 354.5730 15.41972649 11479
STARLINK-1303           
1 45396U 20019AN  20149.25001157  .05657554  00000-0  91336-1 0  9996
2 45396  52.9977 268.3002 0003591  62.0534 336.1974 15.48267706 11457
STARLINK-1307           
1 45397U 20019AP  20149.00001157  .02421585  00000-0  48055-1 0  9990
2 45397  52.9967 269.8352 0002725 339.7950 292.2637 15.42957560 11518
STARLINK-1312           
1 45398U 20019AQ  20149.25001157  .05655591  00000-0  91854-1 0  9992
2 45398  52.9978 268.2845 0003391  68.8385 322.5955 15.48094329 11491
STARLINK-1255           
1 45399U 20019AR  20148.91667824 -.00005342  00000-0 -52498-4 0  9998
2 45399  52.9981 269.7100 0001474   3.7711  79.2222 15.62772625 11498
STARLINK-1213           
1 45400U 20019AS  20148.41667824  .00005190  00000-0  62482-4 0  9999
2 45400  52.9993 271.9945 0001228  50.1499 152.4721 15.62752210 11342
STARLINK-1256           
1 45401U 20019AT  20148.83334491  .00044068  00000-0  48442-3 0  9993
2 45401  52.9986 269.9641 0001406  52.9369 338.5758 15.62756253  1795
STARLINK-1257           
1 45402U 20019AU  20148.91667824  .00005223  00000-0  62821-4 0  9990
2 45402  52.9989 269.5370 0001502  19.8034 124.1797 15.62759072 11494
STARLINK-1259           
1 45403U 20019AV  20148.91667824 -.00003010  00000-0 -27048-4 0  9997
2 45403  52.9987 269.5594 0001345  37.9537  92.4208 15.62752320 11498
STARLINK-1260           
1 45404U 20019AW  20148.75001157  .00053725  00000-0  59003-3 0  9992
2 45404  52.9997 270.4119 0001581 355.7083 262.9478 15.62693972  1773
STARLINK-1263           
1 45405U 20019AX  20149.25001157  .00051637  00000-0  56753-3 0  9998
2 45405  52.9989 267.9205 0001065  43.1789 167.0933 15.62691434 11458
STARLINK-1265           
1 45406U 20019AY  20148.33335648  .00031866  00000-0  34914-3 0  9999
2 45406  52.9967 272.4337 0001344  58.7253  26.6637 15.62996933 11318
STARLINK-1275           
1 45407U 20019AZ  20148.33335648  .00038623  00000-0  42563-3 0  9997
2 45407  52.9992 272.4659 0001299   2.2953  64.1476 15.62752588 11318
STARLINK-1278           
1 45408U 20019BA  20148.83334491  .02817038  00000-0  20916+0 0  9999
2 45408  52.9880 284.6089 0002333 152.0224  12.6803 14.99048803 11197
STARLINK-1282           
1 45409U 20019BB  20148.83334491  .00045832  00000-0  50375-3 0  9999
2 45409  52.9982 270.0260 0001491  40.6098 313.6289 15.62741954 11398
STARLINK-1285           
1 45410U 20019BC  20149.16667824  .00054038  00000-0  59218-3 0  9990
2 45410  52.9996 268.3479 0001425  48.1683  46.2013 15.62747596 11445
STARLINK-1293           
1 45411U 20019BD  20149.25001157  .00055004  00000-0  60367-3 0  9993
2 45411  52.9980 268.0292 0001351  49.7582 116.2691 15.62701562 11456
STARLINK-1296           
1 45412U 20019BE  20149.25001157  .00056726  00000-0  62236-3 0  9993
2 45412  52.9990 267.9551 0001406  54.2218 142.3743 15.62697122 11456
STARLINK-1298           
1 45413U 20019BF  20148.91667824 -.00000179  00000-0  38845-5 0  9998
2 45413  52.9982 269.6446 0001621  43.4030  49.7176 15.62755394 11491
STARLINK-1309           
1 45414U 20019BG  20148.83334491  .00045561  00000-0  50109-3 0  9999
2 45414  52.9975 270.0212 0001520  36.1808 321.3986 15.62728074 11405
STARLINK-1316           
1 45415U 20019BH  20149.25001157  .00058254  00000-0  63809-3 0  9991
2 45415  52.9990 267.9106 0000983  48.4453 175.3660 15.62727999 11472
STARLINK-1318           
1 45416U 20019BJ  20149.25001157  .00056028  00000-0  61480-3 0  9992
2 45416  52.9992 267.9734 0001342 355.3234 194.4579 15.62698109 11469
STARLINK-1286           
1 45417U 20019BK  20148.91667824  .00009031  00000-0  66631-3 0  9999
2 45417  52.9968 286.0845 0001163  84.5528 313.0406 15.03951189  1794
STARLINK-1299           
1 45418U 20019BL  20149.25001157  .00077551  00000-0  62757-2 0  9995
2 45418  52.9884 282.4842 0001592  99.1493 272.2419 14.99061435 11283
STARLINK-1308           
1 45419U 20019BM  20148.75001157  .00017633  00000-0  12263-2 0  9992
2 45419  53.0293 287.3208 0001288  85.7390 164.3567 15.05580563 11167
STARLINK-1329           
1 45531U 20025A   20149.16667824  .03451325  00000-0  93465-1 0  9994
2 45531  52.9968 226.9864 0001804 325.5283 276.3160 15.33204064  6231
STARLINK-1338           
1 45532U 20025B   20149.08334491  .03868906  00000-0  92651-1 0  9990
2 45532  52.9957 227.2749 0002538 357.1562 279.4920 15.36617884  6231
STARLINK-1339           
1 45533U 20025C   20149.00001157  .02337432  00000-0  58224-1 0  9995
2 45533  52.9965 227.7636 0002782 134.6444 356.2164 15.36111433  6210
STARLINK-1341           
1 45534U 20025D   20149.25001157  .05022429  00000-0  12280+0 0  9993
2 45534  52.9980 226.5381 0003019  95.3525 356.9876 15.35508674  6256
STARLINK-1350           
1 45535U 20025E   20149.16667824  .04803933  00000-0  12166+0 0  9992
2 45535  52.9984 226.9757 0003407   8.8333 287.3107 15.34611203  6244
STARLINK-1352           
1 45536U 20025F   20149.16667824  .04648759  00000-0  11897+0 0  9996
2 45536  52.9978 226.9673 0003029   5.3794 281.3647 15.34429129  6245
STARLINK-1353           
1 45537U 20025G   20149.08334491  .02767665  00000-0  70275-1 0  9992
2 45537  52.9976 227.3993 0000992 252.0232 321.6777 15.35474644  6232
STARLINK-1362           
1 45538U 20025H   20148.58334491  .02613181  00000-0  68897-1 0  9997
2 45538  52.9970 229.7319 0002144 326.4944 282.1488 15.34503217  1808
STARLINK-1367           
1 45539U 20025J   20149.00001157  .00028518  00000-0  31588-3 0  9997
2 45539  52.9701 225.8417 0008555 292.2969   7.7522 15.62739442  6230
STARLINK-1369           
1 45540U 20025K   20149.16667824  .04315871  00000-0  11210+0 0  9996
2 45540  52.9980 226.9547 0002751 357.5250 279.7853 15.34285973  6240
STARLINK-1369           
1 45541U 20025L   20149.16667824  .04010248  00000-0  10561+0 0  9995
2 45541  52.9974 226.9382 0002542 347.4544 280.3744 15.34149602  6248
STARLINK-1371           
1 45542U 20025M   20149.08334491  .03602115  00000-0  88073-1 0  9992
2 45542  52.9946 227.3033 0002044 345.3413 273.6018 15.36268997  6223
STARLINK-1372           
1 45543U 20025N   20149.16667824  .03793658  00000-0  10110+0 0  9999
2 45543  52.9990 226.9314 0002136 341.1623 277.1252 15.33985719  6245
STARLINK-1373           
1 45544U 20025P   20149.25001157  .05552620  00000-0  15138+0 0  9990
2 45544  52.9975 226.6139 0004047  26.5410 295.7714 15.32338537  6240
STARLINK-1374           
1 45545U 20025Q   20149.25001157  .05231868  00000-0  13115+0 0  9992
2 45545  52.9992 226.5972 0003264  93.6599 349.5747 15.35285403  6269
STARLINK-1375           
1 45546U 20025R   20149.08334491  .02602093  00000-0  66907-1 0  9992
2 45546  52.9960 227.3853 0000903 222.3308 342.1702 15.35304360  6239
STARLINK-1377           
1 45547U 20025S   20149.16667824  .05403486  00000-0  13577+0 0  9992
2 45547  52.9961 226.9896 0003773  28.9897 294.9371 15.35070397  6241
STARLINK-1378           
1 45548U 20025T   20149.08334491  .03091424  00000-0  82484-1 0  9993
2 45548  52.9973 227.3439 0002383 144.5897   3.5425 15.34105480  6238
STARLINK-1379           
1 45549U 20025U   20149.16667824  .03369241  00000-0  90130-1 0  9994
2 45549  52.9990 226.9834 0001640 318.6737 280.3787 15.33692004  6243
STARLINK-1390           
1 45550U 20025V   20148.75001157  .01562803  00000-0  42781-1 0  9997
2 45550  52.9985 228.9647 0003690  91.2536 339.3057 15.33937476  6173
STARLINK-1294           
1 45551U 20025W   20148.91667824 -.00036899  00000-0 -39785-3 0  9999
2 45551  52.9983 226.2067 0009394 335.0992 260.2431 15.62756451  6229
STARLINK-1322           
1 45552U 20025X   20148.83334491  .00149410  00000-0  16086-2 0  9992
2 45552  53.0002 226.6001 0001173 112.4461  16.3429 15.62738297  1782
STARLINK-1323           
1 45553U 20025Y   20148.91667824 -.00027743  00000-0 -29815-3 0  9992
2 45553  52.9989 226.2240 0001315 117.7883 109.9241 15.62755084  6228
STARLINK-1325           
1 45554U 20025Z   20148.83334491 -.00020176  00000-0 -21491-3 0  9990
2 45554  52.9973 226.5846 0000935  86.4840  37.2935 15.62769815  1796
STARLINK-1327           
1 45555U 20025AA  20149.16667824  .00042331  00000-0  46555-3 0  9990
2 45555  52.9986 224.9987 0000957  89.6249  90.2044 15.62762526  6260
STARLINK-1334           
1 45556U 20025AB  20148.58334491  .00029387  00000-0  32557-3 0  9990
2 45556  52.9976 227.8262 0001020  84.8715  69.0301 15.62755304  6171
STARLINK-1336           
1 45557U 20025AC  20148.91667824 -.00025526  00000-0 -27378-3 0  9995
2 45557  52.9972 226.1970 0001165  83.6850 141.5502 15.62755174  6223
STARLINK-1342           
1 45558U 20025AD  20148.58334491  .00027160  00000-0  30143-3 0  9998
2 45558  52.9973 227.8865 0001041  88.3540  32.5354 15.62754438  6166
STARLINK-1344           
1 45559U 20025AE  20149.25001157  .00004658  00000-0  56726-4 0  9997
2 45559  52.9976 224.5620 0000944  97.4744 201.5031 15.62729147  6272
STARLINK-1346           
1 45560U 20025AF  20149.08334491  .00053669  00000-0  58868-3 0  9994
2 45560  52.9991 225.3959 0007709 281.6639 156.6747 15.62694957  6242
STARLINK-1348           
1 45561U 20025AG  20148.91667824 -.00024016  00000-0 -25728-3 0  9990
2 45561  52.9974 226.2424 0001041  89.5786 112.7647 15.62747484  6226
STARLINK-1354           
1 45562U 20025AH  20149.16667824  .00040801  00000-0  44901-3 0  9991
2 45562  52.9973 224.9922 0000768  84.9254  99.9965 15.62762710  6260
STARLINK-1355           
1 45563U 20025AJ  20148.91667824 -.00025592  00000-0 -27430-3 0  9994
2 45563  52.9975 226.2273 0001141  96.1170 111.3370 15.62774528  1809
STARLINK-1356           
1 45564U 20025AK  20148.83334491 -.00023079  00000-0 -24692-3 0  9992
2 45564  52.9997 226.6357 0001061  77.1366  23.7751 15.62753590  6202
STARLINK-1357           
1 45565U 20025AL  20149.16667824  .00040512  00000-0  44569-3 0  9993
2 45565  52.9973 224.9969 0001266  87.5575  94.8346 15.62774039  6267
STARLINK-1358           
1 45566U 20025AM  20149.25001157  .00006979  00000-0  81992-4 0  9996
2 45566  52.9981 224.6013 0001453  78.6643 202.6536 15.62753058  6278
STARLINK-1361           
1 45567U 20025AN  20148.58334491  .00029391  00000-0  32538-3 0  9996
2 45567  52.9987 227.8973 0001099  76.1668  39.4746 15.62773804  1771
STARLINK-1363           
1 45568U 20025AP  20149.16667824  .00051113  00000-0  55937-3 0  9996
2 45568  52.9988 225.0291 0001116  64.8043 102.2067 15.62805920  6266
STARLINK-1366           
1 45569U 20025AQ  20149.25001157  .00002349  00000-0  31472-4 0  9994
2 45569  52.9993 224.6570 0001181  85.1700 180.7876 15.62755773  6276
STARLINK-1376           
1 45570U 20025AR  20148.75001157  .00028803  00000-0  31887-3 0  9992
2 45570  52.9972 227.0762 0001317  85.7812 250.7130 15.62785774  1771
STARLINK-1261           
1 45571U 20025AS  20149.16667824  .00046279  00000-0  50813-3 0  9995
2 45571  52.9985 224.9584 0001036  99.8606 101.5694 15.62764898  6260
STARLINK-1320           
1 45572U 20025AT  20149.16667824  .00046552  00000-0  51101-3 0  9991
2 45572  52.9988 224.9359 0001310  72.4372 134.1102 15.62767943  6266
STARLINK-1321           
1 45573U 20025AU  20149.08334491  .00055555  00000-0  61004-3 0  9990
2 45573  52.9973 225.4221 0001112  93.7397 330.6000 15.62683930  6249
STARLINK-1324           
1 45574U 20025AV  20148.75001157 -.00014600  00000-0 -15391-3 0  9990
2 45574  52.9970 226.9748 0001154  64.9689 313.5310 15.62750777  6199
STARLINK-1326           
1 45575U 20025AW  20149.16667824  .00043288  00000-0  47648-3 0  9998
2 45575  52.9976 224.9566 0000984  74.6598 121.6600 15.62730019  6264
STARLINK-1328           
1 45576U 20025AX  20149.16667824  .00043527  00000-0  47804-3 0  9999
2 45576  52.9968 224.9895 0000949  95.3906  90.8017 15.62785025  6261
STARLINK-1330           
1 45577U 20025AY  20148.66667824  .00100773  00000-0  10931-2 0  9991
2 45577  52.9974 227.4740 0001041  81.2002 152.5678 15.62745067  6183
STARLINK-1331           
1 45578U 20025AZ  20148.91667824 -.00022022  00000-0 -23556-3 0  9990
2 45578  52.9980 226.1979 0001249  87.8710 136.0931 15.62726126  1773
STARLINK-1332           
1 45579U 20025BA  20148.75001157  .00022688  00000-0  25338-3 0  9990
2 45579  52.9974 227.0471 0001306  77.1270 268.2679 15.62705805  6190
STARLINK-1333           
1 45580U 20025BB  20149.16667824  .00045913  00000-0  50540-3 0  9996
2 45580  52.9971 224.9513 0001468  86.3598 112.5052 15.62702301  6268
STARLINK-1335           
1 45581U 20025BC  20149.25001157  .00010203  00000-0  11723-3 0  9992
2 45581  52.9988 224.5874 0001273  94.1905 195.8437 15.62728720  6271
STARLINK-1337           
1 45582U 20025BD  20149.16667824  .00040127  00000-0  44153-3 0  9993
2 45582  52.9972 225.0238 0000758  98.4924  67.3528 15.62773821  6265
STARLINK-1340           
1 45583U 20025BE  20148.91667824 -.00025745  00000-0 -27631-3 0  9999
2 45583  52.9976 226.2295 0000776  86.7709 124.4930 15.62745222  1808
STARLINK-1343           
1 45584U 20025BF  20148.91667824 -.00027380  00000-0 -29383-3 0  9993
2 45584  52.9973 226.2043 0000841  84.1532 137.2431 15.62784825  1772
STARLINK-1345           
1 45585U 20025BG  20148.75001157  .00004053  00000-0  50097-4 0  9994
2 45585  52.9981 227.0421 0001007  85.4728 265.0359 15.62738602  6199
STARLINK-1347           
1 45586U 20025BH  20148.75001157  .00020952  00000-0  23418-3 0  9997
2 45586  52.9972 227.0355 0000988  77.7287 280.4207 15.62739568  6192
STARLINK-1349           
1 45587U 20025BJ  20149.16667824  .00045163  00000-0  49718-3 0  9995
2 45587  52.9974 224.9712 0001222 106.5278  87.2608 15.62708357  6269
STARLINK-1360           
1 45588U 20025BK  20149.16667824  .00021827  00000-0  24443-3 0  9995
2 45588  52.9989 225.0372 0000792  43.8794 116.8557 15.62660624  6263
STARLINK-1364           
1 45589U 20025BL  20149.16667824  .00039380  00000-0  43386-3 0  9996
2 45589  52.9995 225.0296 0000951 100.2486  63.0470 15.62750129  6266
STARLINK-1365           
1 45590U 20025BM  20149.16667824  .03160487  00000-0  88669-1 0  9995
2 45590  52.9981 226.4553 0001255 290.1074 303.7957 15.32412432  6245
FALCON 9 DEB            
1 45591U 20025BN  20142.70151852  .04000556  12204-4  40828-3 0  9999
2 45591  52.9943 249.5023 0014566 159.5647 200.5984 16.36729414  4658
FALCON 9 DEB            
1 45592U 20025BP  20142.50183573  .06280811  12343-4  31622-3 0  9995
2 45592  52.9914 250.3799 0006337 172.4690 187.6453 16.42552025  4628
FALCON 9 DEB            
1 45593U 20025BQ  20141.49825822  .05761868  12308-4  36742-3 0  9997
2 45593  52.9930 255.5216 0006412 169.1225 190.9961 16.41012703  4465
FALCON 9 DEB            
1 45594U 20025BR  20143.48455723  .02076512  12117-4  33753-3 0  9997
2 45594  52.9983 245.0920 0017495 157.3713 202.8105 16.32255074  4782
